/*--------------------------------*- C++ -*----------------------------------*\
| =========                 |                                                 |
| \\      /  F ield         | OpenFOAM: The Open Source CFD Toolbox           |
|  \\    /   O peration     | Version:  40                                    |
|   \\  /    A nd           | Web:      www.OpenFOAM.org                      |
|    \\/     M anipulation  |                                                 |
\*---------------------------------------------------------------------------*/
FoamFile
{
    version     2.0;
    format      ascii;
    class       cellSet;
    location    "constant/polyMesh/sets";
    object      MRFZone;
}
// * * * * * * * * * * * * * * * * * * * * * * * * * * * * * * * * * * * * * //


8385
(
82000 
82001 
82002 
82003 
82004 
82005 
82006 
82007 
82008 
82009 
82010 
82011 
82012 
82013 
82014 
82015 
82016 
82017 
82018 
82019 
82020 
82021 
82022 
82023 
82024 
82025 
82026 
82027 
82028 
82029 
82030 
82031 
82032 
82033 
82034 
82035 
82036 
82037 
82038 
82039 
82040 
82041 
82042 
82043 
82044 
82045 
82046 
82047 
82048 
82049 
82050 
82051 
82052 
82053 
82054 
82055 
82056 
82057 
82058 
82059 
82060 
82061 
82062 
82063 
82064 
82065 
82066 
82067 
82068 
82069 
82070 
82071 
82072 
82073 
82074 
82075 
82076 
82077 
82078 
82079 
82080 
82081 
82082 
82083 
82084 
82085 
82086 
82087 
82088 
82089 
82090 
82091 
82092 
82093 
82094 
82095 
82096 
82097 
82098 
82099 
82100 
82101 
82102 
82103 
82104 
82105 
82106 
82107 
82108 
82109 
82110 
82111 
82112 
82113 
82114 
82115 
82116 
82117 
82118 
82119 
82120 
82121 
82122 
82123 
82124 
82125 
82126 
82127 
82128 
82129 
82130 
82131 
82132 
82133 
82134 
82135 
82136 
82137 
82138 
82139 
82140 
82141 
82142 
82143 
82144 
82145 
82146 
82147 
82148 
82149 
82150 
82151 
82152 
82153 
82154 
82155 
82156 
82157 
82158 
82159 
82160 
82161 
82162 
82163 
82164 
82165 
82166 
82167 
82168 
82169 
82170 
82171 
82172 
82173 
82174 
82175 
82176 
82177 
82178 
82179 
82180 
82181 
82182 
82183 
82184 
82185 
82186 
82187 
82188 
82189 
82190 
82191 
82192 
82193 
82194 
82195 
82196 
82197 
82198 
82199 
82200 
82201 
82202 
82203 
82204 
82205 
82206 
82207 
82208 
82209 
82210 
82211 
82212 
82213 
82214 
82215 
82216 
82217 
82218 
82219 
82220 
82221 
82222 
82223 
82224 
82225 
82226 
82227 
82228 
82229 
82230 
82231 
82232 
82233 
82234 
82235 
82236 
82237 
82238 
82239 
82240 
82241 
82242 
82243 
82244 
82245 
82246 
82247 
82248 
82249 
82250 
82251 
82252 
82253 
82254 
82255 
82256 
82257 
82258 
82259 
82260 
82261 
82262 
82263 
82264 
82265 
82266 
82267 
82268 
82269 
82270 
82271 
82272 
82273 
82274 
82275 
82276 
82277 
82278 
82279 
82280 
82281 
82282 
82283 
82284 
82285 
82286 
82287 
82288 
82289 
82290 
82291 
82292 
82293 
82294 
82295 
82296 
82297 
82298 
82299 
82300 
82301 
82302 
82303 
82304 
82305 
82306 
82307 
82308 
82309 
82310 
82311 
82312 
82313 
82314 
82315 
82316 
82317 
82318 
82319 
82320 
82321 
82322 
82323 
82324 
82500 
82501 
82502 
82503 
82504 
82525 
82526 
82527 
82528 
82529 
82550 
82551 
82552 
82553 
82554 
82575 
82576 
82577 
82578 
82579 
82600 
82601 
82602 
82603 
82604 
82625 
82626 
82627 
82628 
82629 
82650 
82651 
82652 
82653 
82654 
82675 
82676 
82677 
82678 
82679 
82700 
82701 
82702 
82703 
82704 
82725 
82726 
82727 
82728 
82729 
82750 
82751 
82752 
82753 
82754 
82775 
82776 
82777 
82778 
82779 
82800 
82801 
82802 
82803 
82804 
83000 
83001 
83002 
83003 
83004 
83025 
83026 
83027 
83028 
83029 
83050 
83051 
83052 
83053 
83054 
83075 
83076 
83077 
83078 
83079 
83100 
83101 
83102 
83103 
83104 
83125 
83126 
83127 
83128 
83129 
83150 
83151 
83152 
83153 
83154 
83175 
83176 
83177 
83178 
83179 
83200 
83201 
83202 
83203 
83204 
83225 
83226 
83227 
83228 
83229 
83250 
83251 
83252 
83253 
83254 
83275 
83276 
83277 
83278 
83279 
83300 
83301 
83302 
83303 
83304 
83500 
83501 
83502 
83503 
83504 
83525 
83526 
83527 
83528 
83529 
83550 
83551 
83552 
83553 
83554 
83575 
83576 
83577 
83578 
83579 
83600 
83601 
83602 
83603 
83604 
83625 
83626 
83627 
83628 
83629 
83650 
83651 
83652 
83653 
83654 
83675 
83676 
83677 
83678 
83679 
83700 
83701 
83702 
83703 
83704 
83725 
83726 
83727 
83728 
83729 
83750 
83751 
83752 
83753 
83754 
83775 
83776 
83777 
83778 
83779 
83800 
83801 
83802 
83803 
83804 
84000 
84001 
84002 
84003 
84004 
84025 
84026 
84027 
84028 
84029 
84050 
84051 
84052 
84053 
84054 
84075 
84076 
84077 
84078 
84079 
84100 
84101 
84102 
84103 
84104 
84125 
84126 
84127 
84128 
84129 
84150 
84151 
84152 
84153 
84154 
84175 
84176 
84177 
84178 
84179 
84200 
84201 
84202 
84203 
84204 
84225 
84226 
84227 
84228 
84229 
84250 
84251 
84252 
84253 
84254 
84275 
84276 
84277 
84278 
84279 
84300 
84301 
84302 
84303 
84304 
84500 
84501 
84502 
84503 
84504 
84525 
84526 
84527 
84528 
84529 
84550 
84551 
84552 
84553 
84554 
84575 
84576 
84577 
84578 
84579 
84600 
84601 
84602 
84603 
84604 
84625 
84626 
84627 
84628 
84629 
84650 
84651 
84652 
84653 
84654 
84675 
84676 
84677 
84678 
84679 
84700 
84701 
84702 
84703 
84704 
84725 
84726 
84727 
84728 
84729 
84750 
84751 
84752 
84753 
84754 
84775 
84776 
84777 
84778 
84779 
84800 
84801 
84802 
84803 
84804 
85000 
85001 
85002 
85003 
85004 
85025 
85026 
85027 
85028 
85029 
85050 
85051 
85052 
85053 
85054 
85075 
85076 
85077 
85078 
85079 
85100 
85101 
85102 
85103 
85104 
85125 
85126 
85127 
85128 
85129 
85150 
85151 
85152 
85153 
85154 
85175 
85176 
85177 
85178 
85179 
85200 
85201 
85202 
85203 
85204 
85225 
85226 
85227 
85228 
85229 
85250 
85251 
85252 
85253 
85254 
85275 
85276 
85277 
85278 
85279 
85300 
85301 
85302 
85303 
85304 
85500 
85501 
85502 
85503 
85504 
85525 
85526 
85527 
85528 
85529 
85550 
85551 
85552 
85553 
85554 
85575 
85576 
85577 
85578 
85579 
85600 
85601 
85602 
85603 
85604 
85625 
85626 
85627 
85628 
85629 
85650 
85651 
85652 
85653 
85654 
85675 
85676 
85677 
85678 
85679 
85700 
85701 
85702 
85703 
85704 
85725 
85726 
85727 
85728 
85729 
85750 
85751 
85752 
85753 
85754 
85775 
85776 
85777 
85778 
85779 
85800 
85801 
85802 
85803 
85804 
86000 
86001 
86002 
86003 
86004 
86025 
86026 
86027 
86028 
86029 
86050 
86051 
86052 
86053 
86054 
86075 
86076 
86077 
86078 
86079 
86100 
86101 
86102 
86103 
86104 
86125 
86126 
86127 
86128 
86129 
86150 
86151 
86152 
86153 
86154 
86175 
86176 
86177 
86178 
86179 
86200 
86201 
86202 
86203 
86204 
86225 
86226 
86227 
86228 
86229 
86250 
86251 
86252 
86253 
86254 
86275 
86276 
86277 
86278 
86279 
86300 
86301 
86302 
86303 
86304 
86500 
86501 
86502 
86503 
86504 
86525 
86526 
86527 
86528 
86529 
86550 
86551 
86552 
86553 
86554 
86575 
86576 
86577 
86578 
86579 
86600 
86601 
86602 
86603 
86604 
86625 
86626 
86627 
86628 
86629 
86650 
86651 
86652 
86653 
86654 
86675 
86676 
86677 
86678 
86679 
86700 
86701 
86702 
86703 
86704 
86725 
86726 
86727 
86728 
86729 
86750 
86751 
86752 
86753 
86754 
86775 
86776 
86777 
86778 
86779 
86800 
86801 
86802 
86803 
86804 
87000 
87001 
87002 
87003 
87004 
87025 
87026 
87027 
87028 
87029 
87050 
87051 
87052 
87053 
87054 
87075 
87076 
87077 
87078 
87079 
87100 
87101 
87102 
87103 
87104 
87125 
87126 
87127 
87128 
87129 
87150 
87151 
87152 
87153 
87154 
87175 
87176 
87177 
87178 
87179 
87200 
87201 
87202 
87203 
87204 
87225 
87226 
87227 
87228 
87229 
87250 
87251 
87252 
87253 
87254 
87275 
87276 
87277 
87278 
87279 
87300 
87301 
87302 
87303 
87304 
87500 
87501 
87502 
87503 
87504 
87525 
87526 
87527 
87528 
87529 
87550 
87551 
87552 
87553 
87554 
87575 
87576 
87577 
87578 
87579 
87600 
87601 
87602 
87603 
87604 
87625 
87626 
87627 
87628 
87629 
87650 
87651 
87652 
87653 
87654 
87675 
87676 
87677 
87678 
87679 
87700 
87701 
87702 
87703 
87704 
87725 
87726 
87727 
87728 
87729 
87750 
87751 
87752 
87753 
87754 
87775 
87776 
87777 
87778 
87779 
87800 
87801 
87802 
87803 
87804 
88000 
88001 
88002 
88003 
88004 
88025 
88026 
88027 
88028 
88029 
88050 
88051 
88052 
88053 
88054 
88075 
88076 
88077 
88078 
88079 
88100 
88101 
88102 
88103 
88104 
88125 
88126 
88127 
88128 
88129 
88150 
88151 
88152 
88153 
88154 
88175 
88176 
88177 
88178 
88179 
88200 
88201 
88202 
88203 
88204 
88225 
88226 
88227 
88228 
88229 
88250 
88251 
88252 
88253 
88254 
88275 
88276 
88277 
88278 
88279 
88300 
88301 
88302 
88303 
88304 
72000 
72001 
72002 
72003 
72004 
72005 
72006 
72007 
72008 
72009 
72010 
72011 
72012 
72013 
72014 
72015 
72016 
72017 
72018 
72019 
72020 
72021 
72022 
72023 
72024 
72025 
72026 
72027 
72028 
72029 
72030 
72031 
72032 
72033 
72034 
72035 
72036 
72037 
72038 
72039 
72040 
72041 
72042 
72043 
72044 
72045 
72046 
72047 
72048 
72049 
72050 
72051 
72052 
72053 
72054 
72055 
72056 
72057 
72058 
72059 
72060 
72061 
72062 
72063 
72064 
72065 
72066 
72067 
72068 
72069 
72070 
72071 
72072 
72073 
72074 
72075 
72076 
72077 
72078 
72079 
72080 
72081 
72082 
72083 
72084 
72085 
72086 
72087 
72088 
72089 
72090 
72091 
72092 
72093 
72094 
72095 
72096 
72097 
72098 
72099 
72100 
72101 
72102 
72103 
72104 
72105 
72106 
72107 
72108 
72109 
72110 
72111 
72112 
72113 
72114 
72115 
88500 
72116 
88501 
72117 
88502 
72118 
88503 
72119 
88504 
72120 
72121 
72122 
72123 
72124 
72125 
72126 
72127 
72128 
72129 
72130 
72131 
72132 
72133 
72134 
72135 
72136 
72137 
72138 
72139 
72140 
88525 
72141 
88526 
72142 
88527 
72143 
88528 
72144 
88529 
72145 
72146 
72147 
72148 
72149 
72150 
72151 
72152 
72153 
72154 
72155 
72156 
72157 
72158 
72159 
72160 
72161 
72162 
72163 
72164 
72165 
88550 
72166 
88551 
72167 
88552 
72168 
88553 
72169 
88554 
72170 
72171 
72172 
72173 
72174 
72175 
72176 
72177 
72178 
72179 
72180 
72181 
72182 
72183 
72184 
72185 
72186 
72187 
72188 
72189 
72190 
88575 
72191 
88576 
72192 
88577 
72193 
88578 
72194 
88579 
72195 
72196 
72197 
72198 
72199 
72200 
72201 
72202 
72203 
72204 
72205 
72206 
72207 
72208 
72209 
72210 
72211 
72212 
72213 
72214 
72215 
88600 
72216 
88601 
72217 
88602 
72218 
88603 
72219 
88604 
72220 
72221 
72222 
72223 
72224 
72225 
72226 
72227 
72228 
72229 
72230 
72231 
72232 
72233 
72234 
72235 
72236 
72237 
72238 
72239 
72240 
88625 
72241 
88626 
72242 
88627 
72243 
88628 
72244 
88629 
72245 
72246 
72247 
72248 
72249 
72250 
72251 
72252 
72253 
72254 
72255 
72256 
72257 
72258 
72259 
72260 
72261 
72262 
72263 
72264 
72265 
88650 
72266 
88651 
72267 
88652 
72268 
88653 
72269 
88654 
72270 
72271 
72272 
72273 
72274 
72275 
72276 
72277 
72278 
72279 
72280 
72281 
72282 
72283 
72284 
72285 
72286 
72287 
72288 
72289 
72290 
88675 
72291 
88676 
72292 
88677 
72293 
88678 
72294 
88679 
72295 
72296 
72297 
72298 
72299 
72300 
72301 
72302 
72303 
72304 
72305 
72306 
72307 
72308 
72309 
72310 
72311 
72312 
72313 
72314 
72315 
88700 
72316 
88701 
72317 
88702 
72318 
88703 
72319 
88704 
72320 
72321 
72322 
72323 
72324 
88725 
88726 
88727 
88728 
88729 
88750 
88751 
88752 
88753 
88754 
88775 
88776 
88777 
88778 
88779 
88800 
88801 
88802 
88803 
88804 
72500 
72501 
72502 
72503 
72504 
72505 
72506 
72507 
72508 
72509 
72510 
72511 
72512 
72513 
72514 
72515 
72516 
72517 
72518 
72519 
72520 
72521 
72522 
72523 
72524 
72525 
72526 
72527 
72528 
72529 
72530 
72531 
72532 
72533 
72534 
72535 
72536 
72537 
72538 
72539 
72540 
72541 
72542 
72543 
72544 
72545 
72546 
72547 
72548 
72549 
72550 
72551 
72552 
72553 
72554 
72555 
72556 
72557 
72558 
72559 
72560 
72561 
72562 
72563 
72564 
72565 
72566 
72567 
72568 
72569 
72570 
72571 
72572 
72573 
72574 
72575 
72576 
72577 
72578 
72579 
72580 
72581 
72582 
72583 
72584 
72585 
72586 
72587 
72588 
72589 
72590 
72591 
72592 
72593 
72594 
72595 
72596 
72597 
72598 
72599 
72600 
72601 
72602 
72603 
72604 
72605 
72606 
72607 
72608 
72609 
72610 
72611 
72612 
72613 
72614 
72615 
89000 
72616 
89001 
72617 
89002 
72618 
89003 
72619 
89004 
72620 
72621 
72622 
72623 
72624 
72625 
72626 
72627 
72628 
72629 
72630 
72631 
72632 
72633 
72634 
72635 
72636 
72637 
72638 
72639 
72640 
89025 
72641 
89026 
72642 
89027 
72643 
89028 
72644 
89029 
72645 
72646 
72647 
72648 
72649 
72650 
72651 
72652 
72653 
72654 
72655 
72656 
72657 
72658 
72659 
72660 
72661 
72662 
72663 
72664 
72665 
89050 
72666 
89051 
72667 
89052 
72668 
89053 
72669 
89054 
72670 
72671 
72672 
72673 
72674 
72675 
72676 
72677 
72678 
72679 
72680 
72681 
72682 
72683 
72684 
72685 
72686 
72687 
72688 
72689 
72690 
89075 
72691 
89076 
72692 
89077 
72693 
89078 
72694 
89079 
72695 
72696 
72697 
72698 
72699 
72700 
72701 
72702 
72703 
72704 
72705 
72706 
72707 
72708 
72709 
72710 
72711 
72712 
72713 
72714 
72715 
89100 
72716 
89101 
72717 
89102 
72718 
89103 
72719 
89104 
72720 
72721 
72722 
72723 
72724 
72725 
72726 
72727 
72728 
72729 
72730 
72731 
72732 
72733 
72734 
72735 
72736 
72737 
72738 
72739 
72740 
89125 
72741 
89126 
72742 
89127 
72743 
89128 
72744 
89129 
72745 
72746 
72747 
72748 
72749 
72750 
72751 
72752 
72753 
72754 
72755 
72756 
72757 
72758 
72759 
72760 
72761 
72762 
72763 
72764 
72765 
89150 
72766 
89151 
72767 
89152 
72768 
89153 
72769 
89154 
72770 
72771 
72772 
72773 
72774 
72775 
72776 
72777 
72778 
72779 
72780 
72781 
72782 
72783 
72784 
72785 
72786 
72787 
72788 
72789 
72790 
89175 
72791 
89176 
72792 
89177 
72793 
89178 
72794 
89179 
72795 
72796 
72797 
72798 
72799 
72800 
72801 
72802 
72803 
72804 
72805 
72806 
72807 
72808 
72809 
72810 
72811 
72812 
72813 
72814 
72815 
89200 
72816 
89201 
72817 
89202 
72818 
89203 
72819 
89204 
72820 
72821 
72822 
72823 
72824 
89225 
89226 
89227 
89228 
89229 
89250 
89251 
89252 
89253 
89254 
89275 
89276 
89277 
89278 
89279 
89300 
89301 
89302 
89303 
89304 
73000 
73001 
73002 
73003 
73004 
73005 
73006 
73007 
73008 
73009 
73010 
73011 
73012 
73013 
73014 
73015 
73016 
73017 
73018 
73019 
73020 
73021 
73022 
73023 
73024 
73025 
73026 
73027 
73028 
73029 
73030 
73031 
73032 
73033 
73034 
73035 
73036 
73037 
73038 
73039 
73040 
73041 
73042 
73043 
73044 
73045 
73046 
73047 
73048 
73049 
73050 
73051 
73052 
73053 
73054 
73055 
73056 
73057 
73058 
73059 
73060 
73061 
73062 
73063 
73064 
73065 
73066 
73067 
73068 
73069 
73070 
73071 
73072 
73073 
73074 
73075 
73076 
73077 
73078 
73079 
73080 
73081 
73082 
73083 
73084 
73085 
73086 
73087 
73088 
73089 
73090 
73091 
73092 
73093 
73094 
73095 
73096 
73097 
73098 
73099 
73100 
73101 
73102 
73103 
73104 
73105 
73106 
73107 
73108 
73109 
73110 
73111 
73112 
73113 
73114 
73115 
89500 
73116 
89501 
73117 
89502 
73118 
89503 
73119 
89504 
73120 
73121 
73122 
73123 
73124 
73125 
73126 
73127 
73128 
73129 
73130 
73131 
73132 
73133 
73134 
73135 
73136 
73137 
73138 
73139 
73140 
89525 
73141 
89526 
73142 
89527 
73143 
89528 
73144 
89529 
73145 
73146 
73147 
73148 
73149 
73150 
73151 
73152 
73153 
73154 
73155 
73156 
73157 
73158 
73159 
73160 
73161 
73162 
73163 
73164 
73165 
89550 
73166 
89551 
73167 
89552 
73168 
89553 
73169 
89554 
73170 
73171 
73172 
73173 
73174 
73175 
73176 
73177 
73178 
73179 
73180 
73181 
73182 
73183 
73184 
73185 
73186 
73187 
73188 
73189 
73190 
89575 
73191 
89576 
73192 
89577 
73193 
89578 
73194 
89579 
73195 
73196 
73197 
73198 
73199 
73200 
73201 
73202 
73203 
73204 
73205 
73206 
73207 
73208 
73209 
73210 
73211 
73212 
73213 
73214 
73215 
89600 
73216 
89601 
73217 
89602 
73218 
89603 
73219 
89604 
73220 
73221 
73222 
73223 
73224 
73225 
73226 
73227 
73228 
73229 
73230 
73231 
73232 
73233 
73234 
73235 
73236 
73237 
73238 
73239 
73240 
89625 
73241 
89626 
73242 
89627 
73243 
89628 
73244 
89629 
73245 
73246 
73247 
73248 
73249 
73250 
73251 
73252 
73253 
73254 
73255 
73256 
73257 
73258 
73259 
73260 
73261 
73262 
73263 
73264 
73265 
89650 
73266 
89651 
73267 
89652 
73268 
89653 
73269 
89654 
73270 
73271 
73272 
73273 
73274 
73275 
73276 
73277 
73278 
73279 
73280 
73281 
73282 
73283 
73284 
73285 
73286 
73287 
73288 
73289 
73290 
89675 
73291 
89676 
73292 
89677 
73293 
89678 
73294 
89679 
73295 
73296 
73297 
73298 
73299 
73300 
73301 
73302 
73303 
73304 
73305 
73306 
73307 
73308 
73309 
73310 
73311 
73312 
73313 
73314 
73315 
89700 
73316 
89701 
73317 
89702 
73318 
89703 
73319 
89704 
73320 
73321 
73322 
73323 
73324 
89725 
89726 
89727 
89728 
89729 
89750 
89751 
89752 
89753 
89754 
89775 
89776 
89777 
89778 
89779 
89800 
89801 
89802 
89803 
89804 
73500 
73501 
73502 
73503 
73504 
73505 
73506 
73507 
73508 
73509 
73510 
73511 
73512 
73513 
73514 
73515 
73516 
73517 
73518 
73519 
73520 
73521 
73522 
73523 
73524 
73525 
73526 
73527 
73528 
73529 
73530 
73531 
73532 
73533 
73534 
73535 
73536 
73537 
73538 
73539 
73540 
73541 
73542 
73543 
73544 
73545 
73546 
73547 
73548 
73549 
73550 
73551 
73552 
73553 
73554 
73555 
73556 
73557 
73558 
73559 
73560 
73561 
73562 
73563 
73564 
73565 
73566 
73567 
73568 
73569 
73570 
73571 
73572 
73573 
73574 
73575 
73576 
73577 
73578 
73579 
73580 
73581 
73582 
73583 
73584 
73585 
73586 
73587 
73588 
73589 
73590 
73591 
73592 
73593 
73594 
73595 
73596 
73597 
73598 
73599 
73600 
73601 
73602 
73603 
73604 
73605 
73606 
73607 
73608 
73609 
73610 
73611 
73612 
73613 
73614 
73615 
90000 
73616 
90001 
73617 
90002 
73618 
90003 
73619 
90004 
73620 
73621 
73622 
73623 
73624 
73625 
73626 
73627 
73628 
73629 
73630 
73631 
73632 
73633 
73634 
73635 
73636 
73637 
73638 
73639 
73640 
90025 
73641 
90026 
73642 
90027 
73643 
90028 
73644 
90029 
73645 
73646 
73647 
73648 
73649 
73650 
73651 
73652 
73653 
73654 
73655 
73656 
73657 
73658 
73659 
73660 
73661 
73662 
73663 
73664 
73665 
90050 
73666 
90051 
73667 
90052 
73668 
90053 
73669 
90054 
73670 
73671 
73672 
73673 
73674 
73675 
73676 
73677 
73678 
73679 
73680 
73681 
73682 
73683 
73684 
73685 
73686 
73687 
73688 
73689 
73690 
90075 
73691 
90076 
73692 
90077 
73693 
90078 
73694 
90079 
73695 
73696 
73697 
73698 
73699 
73700 
73701 
73702 
73703 
73704 
73705 
73706 
73707 
73708 
73709 
73710 
73711 
73712 
73713 
73714 
73715 
90100 
73716 
90101 
73717 
90102 
73718 
90103 
73719 
90104 
73720 
73721 
73722 
73723 
73724 
73725 
73726 
73727 
73728 
73729 
73730 
73731 
73732 
73733 
73734 
73735 
73736 
73737 
73738 
73739 
73740 
90125 
73741 
90126 
73742 
90127 
73743 
90128 
73744 
90129 
73745 
73746 
73747 
73748 
73749 
73750 
73751 
73752 
73753 
73754 
73755 
73756 
73757 
73758 
73759 
73760 
73761 
73762 
73763 
73764 
73765 
90150 
73766 
90151 
73767 
90152 
73768 
90153 
73769 
90154 
73770 
73771 
73772 
73773 
73774 
73775 
73776 
73777 
73778 
73779 
73780 
73781 
73782 
73783 
73784 
73785 
73786 
73787 
73788 
73789 
73790 
90175 
73791 
90176 
73792 
90177 
73793 
90178 
73794 
90179 
73795 
73796 
73797 
73798 
73799 
73800 
73801 
73802 
73803 
73804 
73805 
73806 
73807 
73808 
73809 
73810 
73811 
73812 
73813 
73814 
73815 
90200 
73816 
90201 
73817 
90202 
73818 
90203 
73819 
90204 
73820 
73821 
73822 
73823 
73824 
90225 
90226 
90227 
90228 
90229 
90250 
90251 
90252 
90253 
90254 
90275 
90276 
90277 
90278 
90279 
90300 
90301 
90302 
90303 
90304 
74000 
74001 
74002 
74003 
74004 
74005 
74006 
74007 
74008 
74009 
74010 
74011 
74012 
74013 
74014 
74015 
74016 
74017 
74018 
74019 
74020 
74021 
74022 
74023 
74024 
74025 
74026 
74027 
74028 
74029 
74030 
74031 
74032 
74033 
74034 
74035 
74036 
74037 
74038 
74039 
74040 
74041 
74042 
74043 
74044 
74045 
74046 
74047 
74048 
74049 
74050 
74051 
74052 
74053 
74054 
74055 
74056 
74057 
74058 
74059 
74060 
74061 
74062 
74063 
74064 
74065 
74066 
74067 
74068 
74069 
74070 
74071 
74072 
74073 
74074 
74075 
74076 
74077 
74078 
74079 
74080 
74081 
74082 
74083 
74084 
74085 
74086 
74087 
74088 
74089 
74090 
74091 
74092 
74093 
74094 
74095 
74096 
74097 
74098 
74099 
74100 
74101 
74102 
74103 
74104 
74105 
74106 
74107 
74108 
74109 
74110 
74111 
74112 
74113 
74114 
74115 
90500 
74116 
90501 
74117 
90502 
74118 
90503 
74119 
90504 
74120 
74121 
74122 
74123 
74124 
74125 
74126 
74127 
74128 
74129 
74130 
74131 
74132 
74133 
74134 
74135 
74136 
74137 
74138 
74139 
74140 
90525 
74141 
90526 
74142 
90527 
74143 
90528 
74144 
90529 
74145 
74146 
74147 
74148 
74149 
74150 
74151 
74152 
74153 
74154 
74155 
74156 
74157 
74158 
74159 
74160 
74161 
74162 
74163 
74164 
74165 
90550 
74166 
90551 
74167 
90552 
74168 
90553 
74169 
90554 
74170 
74171 
74172 
74173 
74174 
74175 
74176 
74177 
74178 
74179 
74180 
74181 
74182 
74183 
74184 
74185 
74186 
74187 
74188 
74189 
74190 
90575 
74191 
90576 
74192 
90577 
74193 
90578 
74194 
90579 
74195 
74196 
74197 
74198 
74199 
74200 
74201 
74202 
74203 
74204 
74205 
74206 
74207 
74208 
74209 
74210 
74211 
74212 
74213 
74214 
74215 
90600 
74216 
90601 
74217 
90602 
74218 
90603 
74219 
90604 
74220 
74221 
74222 
74223 
74224 
74225 
74226 
74227 
74228 
74229 
74230 
74231 
74232 
74233 
74234 
74235 
74236 
74237 
74238 
74239 
74240 
90625 
74241 
90626 
74242 
90627 
74243 
90628 
74244 
90629 
74245 
74246 
74247 
74248 
74249 
74250 
74251 
74252 
74253 
74254 
74255 
74256 
74257 
74258 
74259 
74260 
74261 
74262 
74263 
74264 
74265 
90650 
74266 
90651 
74267 
90652 
74268 
90653 
74269 
90654 
74270 
74271 
74272 
74273 
74274 
74275 
74276 
74277 
74278 
74279 
74280 
74281 
74282 
74283 
74284 
74285 
74286 
74287 
74288 
74289 
74290 
90675 
74291 
90676 
74292 
90677 
74293 
90678 
74294 
90679 
74295 
74296 
74297 
74298 
74299 
74300 
74301 
74302 
74303 
74304 
74305 
74306 
74307 
74308 
74309 
74310 
74311 
74312 
74313 
74314 
74315 
90700 
74316 
90701 
74317 
90702 
74318 
90703 
74319 
90704 
74320 
74321 
74322 
74323 
74324 
90725 
90726 
90727 
90728 
90729 
90750 
90751 
90752 
90753 
90754 
90775 
90776 
90777 
90778 
90779 
90800 
90801 
90802 
90803 
90804 
74500 
74501 
74502 
74503 
74504 
74505 
74506 
74507 
74508 
74509 
74510 
74511 
74512 
74513 
74514 
74515 
74516 
74517 
74518 
74519 
74520 
74521 
74522 
74523 
74524 
74525 
74526 
74527 
74528 
74529 
74530 
74531 
74532 
74533 
74534 
74535 
74536 
74537 
74538 
74539 
74540 
74541 
74542 
74543 
74544 
74545 
74546 
74547 
74548 
74549 
74550 
74551 
74552 
74553 
74554 
74555 
74556 
74557 
74558 
74559 
74560 
74561 
74562 
74563 
74564 
74565 
74566 
74567 
74568 
74569 
74570 
74571 
74572 
74573 
74574 
74575 
74576 
74577 
74578 
74579 
74580 
74581 
74582 
74583 
74584 
74585 
74586 
74587 
74588 
74589 
74590 
74591 
74592 
74593 
74594 
74595 
74596 
74597 
74598 
74599 
74600 
74601 
74602 
74603 
74604 
74605 
74606 
74607 
74608 
74609 
74610 
74611 
74612 
74613 
74614 
74615 
91000 
74616 
91001 
74617 
91002 
74618 
91003 
74619 
91004 
74620 
74621 
74622 
74623 
74624 
74625 
74626 
74627 
74628 
74629 
74630 
74631 
74632 
74633 
74634 
74635 
74636 
74637 
74638 
74639 
74640 
91025 
74641 
91026 
74642 
91027 
74643 
91028 
74644 
91029 
74645 
74646 
74647 
74648 
74649 
74650 
74651 
74652 
74653 
74654 
74655 
74656 
74657 
74658 
74659 
74660 
74661 
74662 
74663 
74664 
74665 
91050 
74666 
91051 
74667 
91052 
74668 
91053 
74669 
91054 
74670 
74671 
74672 
74673 
74674 
74675 
74676 
74677 
74678 
74679 
74680 
74681 
74682 
74683 
74684 
74685 
74686 
74687 
74688 
74689 
74690 
91075 
74691 
91076 
74692 
91077 
74693 
91078 
74694 
91079 
74695 
74696 
74697 
74698 
74699 
74700 
74701 
74702 
74703 
74704 
74705 
74706 
74707 
74708 
74709 
74710 
74711 
74712 
74713 
74714 
74715 
91100 
74716 
91101 
74717 
91102 
74718 
91103 
74719 
91104 
74720 
74721 
74722 
74723 
74724 
74725 
74726 
74727 
74728 
74729 
74730 
74731 
74732 
74733 
74734 
74735 
74736 
74737 
74738 
74739 
74740 
91125 
74741 
91126 
74742 
91127 
74743 
91128 
74744 
91129 
74745 
74746 
74747 
74748 
74749 
74750 
74751 
74752 
74753 
74754 
74755 
74756 
74757 
74758 
74759 
74760 
74761 
74762 
74763 
74764 
74765 
91150 
74766 
91151 
74767 
91152 
74768 
91153 
74769 
91154 
74770 
74771 
74772 
74773 
74774 
74775 
74776 
74777 
74778 
74779 
74780 
74781 
74782 
74783 
74784 
74785 
74786 
74787 
74788 
74789 
74790 
91175 
74791 
91176 
74792 
91177 
74793 
91178 
74794 
91179 
74795 
74796 
74797 
74798 
74799 
74800 
74801 
74802 
74803 
74804 
74805 
74806 
74807 
74808 
74809 
74810 
74811 
74812 
74813 
74814 
74815 
91200 
74816 
91201 
74817 
91202 
74818 
91203 
74819 
91204 
74820 
74821 
74822 
74823 
74824 
91225 
91226 
91227 
91228 
91229 
91250 
91251 
91252 
91253 
91254 
91275 
91276 
91277 
91278 
91279 
91300 
91301 
91302 
91303 
91304 
75000 
75001 
75002 
75003 
75004 
75005 
75006 
75007 
75008 
75009 
75010 
75011 
75012 
75013 
75014 
75015 
75016 
75017 
75018 
75019 
75020 
75021 
75022 
75023 
75024 
75025 
75026 
75027 
75028 
75029 
75030 
75031 
75032 
75033 
75034 
75035 
75036 
75037 
75038 
75039 
75040 
75041 
75042 
75043 
75044 
75045 
75046 
75047 
75048 
75049 
75050 
75051 
75052 
75053 
75054 
75055 
75056 
75057 
75058 
75059 
75060 
75061 
75062 
75063 
75064 
75065 
75066 
75067 
75068 
75069 
75070 
75071 
75072 
75073 
75074 
75075 
75076 
75077 
75078 
75079 
75080 
75081 
75082 
75083 
75084 
75085 
75086 
75087 
75088 
75089 
75090 
75091 
75092 
75093 
75094 
75095 
75096 
75097 
75098 
75099 
75100 
75101 
75102 
75103 
75104 
75105 
75106 
75107 
75108 
75109 
75110 
75111 
75112 
75113 
75114 
75115 
91500 
75116 
91501 
75117 
91502 
75118 
91503 
75119 
91504 
75120 
75121 
75122 
75123 
75124 
75125 
75126 
75127 
75128 
75129 
75130 
75131 
75132 
75133 
75134 
75135 
75136 
75137 
75138 
75139 
75140 
91525 
75141 
91526 
75142 
91527 
75143 
91528 
75144 
91529 
75145 
75146 
75147 
75148 
75149 
75150 
75151 
75152 
75153 
75154 
75155 
75156 
75157 
75158 
75159 
75160 
75161 
75162 
75163 
75164 
75165 
91550 
75166 
91551 
75167 
91552 
75168 
91553 
75169 
91554 
75170 
75171 
75172 
75173 
75174 
75175 
75176 
75177 
75178 
75179 
75180 
75181 
75182 
75183 
75184 
75185 
75186 
75187 
75188 
75189 
75190 
91575 
75191 
91576 
75192 
91577 
75193 
91578 
75194 
91579 
75195 
75196 
75197 
75198 
75199 
75200 
75201 
75202 
75203 
75204 
75205 
75206 
75207 
75208 
75209 
75210 
75211 
75212 
75213 
75214 
75215 
91600 
75216 
91601 
75217 
91602 
75218 
91603 
75219 
91604 
75220 
75221 
75222 
75223 
75224 
75225 
75226 
75227 
75228 
75229 
75230 
75231 
75232 
75233 
75234 
75235 
75236 
75237 
75238 
75239 
75240 
91625 
75241 
91626 
75242 
91627 
75243 
91628 
75244 
91629 
75245 
75246 
75247 
75248 
75249 
75250 
75251 
75252 
75253 
75254 
75255 
75256 
75257 
75258 
75259 
75260 
75261 
75262 
75263 
75264 
75265 
91650 
75266 
91651 
75267 
91652 
75268 
91653 
75269 
91654 
75270 
75271 
75272 
75273 
75274 
75275 
75276 
75277 
75278 
75279 
75280 
75281 
75282 
75283 
75284 
75285 
75286 
75287 
75288 
75289 
75290 
91675 
75291 
91676 
75292 
91677 
75293 
91678 
75294 
91679 
75295 
75296 
75297 
75298 
75299 
75300 
75301 
75302 
75303 
75304 
75305 
75306 
75307 
75308 
75309 
75310 
75311 
75312 
75313 
75314 
75315 
91700 
75316 
91701 
75317 
91702 
75318 
91703 
75319 
91704 
75320 
75321 
75322 
75323 
75324 
91725 
91726 
91727 
91728 
91729 
91750 
91751 
91752 
91753 
91754 
91775 
91776 
91777 
91778 
91779 
91800 
91801 
91802 
91803 
91804 
75500 
75501 
75502 
75503 
75504 
75505 
75506 
75507 
75508 
75509 
75510 
75511 
75512 
75513 
75514 
75515 
75516 
75517 
75518 
75519 
75520 
75521 
75522 
75523 
75524 
75525 
75526 
75527 
75528 
75529 
75530 
75531 
75532 
75533 
75534 
75535 
75536 
75537 
75538 
75539 
75540 
75541 
75542 
75543 
75544 
75545 
75546 
75547 
75548 
75549 
75550 
75551 
75552 
75553 
75554 
75555 
75556 
75557 
75558 
75559 
75560 
75561 
75562 
75563 
75564 
75565 
75566 
75567 
75568 
75569 
75570 
75571 
75572 
75573 
75574 
75575 
75576 
75577 
75578 
75579 
75580 
75581 
75582 
75583 
75584 
75585 
75586 
75587 
75588 
75589 
75590 
75591 
75592 
75593 
75594 
75595 
75596 
75597 
75598 
75599 
75600 
75601 
75602 
75603 
75604 
75605 
75606 
75607 
75608 
75609 
75610 
75611 
75612 
75613 
75614 
75615 
92000 
75616 
92001 
75617 
92002 
75618 
92003 
75619 
92004 
75620 
75621 
75622 
75623 
75624 
75625 
75626 
75627 
75628 
75629 
75630 
75631 
75632 
75633 
75634 
75635 
75636 
75637 
75638 
75639 
75640 
92025 
75641 
92026 
75642 
92027 
75643 
92028 
75644 
92029 
75645 
75646 
75647 
75648 
75649 
75650 
75651 
75652 
75653 
75654 
75655 
75656 
75657 
75658 
75659 
75660 
75661 
75662 
75663 
75664 
75665 
92050 
75666 
92051 
75667 
92052 
75668 
92053 
75669 
92054 
75670 
75671 
75672 
75673 
75674 
75675 
75676 
75677 
75678 
75679 
75680 
75681 
75682 
75683 
75684 
75685 
75686 
75687 
75688 
75689 
75690 
92075 
75691 
92076 
75692 
92077 
75693 
92078 
75694 
92079 
75695 
75696 
75697 
75698 
75699 
75700 
75701 
75702 
75703 
75704 
75705 
75706 
75707 
75708 
75709 
75710 
75711 
75712 
75713 
75714 
75715 
92100 
75716 
92101 
75717 
92102 
75718 
92103 
75719 
92104 
75720 
75721 
75722 
75723 
75724 
75725 
75726 
75727 
75728 
75729 
75730 
75731 
75732 
75733 
75734 
75735 
75736 
75737 
75738 
75739 
75740 
92125 
75741 
92126 
75742 
92127 
75743 
92128 
75744 
92129 
75745 
75746 
75747 
75748 
75749 
75750 
75751 
75752 
75753 
75754 
75755 
75756 
75757 
75758 
75759 
75760 
75761 
75762 
75763 
75764 
75765 
92150 
75766 
92151 
75767 
92152 
75768 
92153 
75769 
92154 
75770 
75771 
75772 
75773 
75774 
75775 
75776 
75777 
75778 
75779 
75780 
75781 
75782 
75783 
75784 
75785 
75786 
75787 
75788 
75789 
75790 
92175 
75791 
92176 
75792 
92177 
75793 
92178 
75794 
92179 
75795 
75796 
75797 
75798 
75799 
75800 
75801 
75802 
75803 
75804 
75805 
75806 
75807 
75808 
75809 
75810 
75811 
75812 
75813 
75814 
75815 
92200 
75816 
92201 
75817 
92202 
75818 
92203 
75819 
92204 
75820 
75821 
75822 
75823 
75824 
92225 
92226 
92227 
92228 
92229 
92250 
92251 
92252 
92253 
92254 
92275 
92276 
92277 
92278 
92279 
92300 
92301 
92302 
92303 
92304 
76000 
76001 
76002 
76003 
76004 
76005 
76006 
76007 
76008 
76009 
76010 
76011 
76012 
76013 
76014 
76015 
76016 
76017 
76018 
76019 
76020 
76021 
76022 
76023 
76024 
76025 
76026 
76027 
76028 
76029 
76030 
76031 
76032 
76033 
76034 
76035 
76036 
76037 
76038 
76039 
76040 
76041 
76042 
76043 
76044 
76045 
76046 
76047 
76048 
76049 
76050 
76051 
76052 
76053 
76054 
76055 
76056 
76057 
76058 
76059 
76060 
76061 
76062 
76063 
76064 
76065 
76066 
76067 
76068 
76069 
76070 
76071 
76072 
76073 
76074 
76075 
76076 
76077 
76078 
76079 
76080 
76081 
76082 
76083 
76084 
76085 
76086 
76087 
76088 
76089 
76090 
76091 
76092 
76093 
76094 
76095 
76096 
76097 
76098 
76099 
76100 
76101 
76102 
76103 
76104 
76105 
76106 
76107 
76108 
76109 
76110 
76111 
76112 
76113 
76114 
76115 
92500 
76116 
92501 
76117 
92502 
76118 
92503 
76119 
92504 
76120 
76121 
76122 
76123 
76124 
76125 
76126 
76127 
76128 
76129 
76130 
76131 
76132 
76133 
76134 
76135 
76136 
76137 
76138 
76139 
76140 
92525 
76141 
92526 
76142 
92527 
76143 
92528 
76144 
92529 
76145 
76146 
76147 
76148 
76149 
76150 
76151 
76152 
76153 
76154 
76155 
76156 
76157 
76158 
76159 
76160 
76161 
76162 
76163 
76164 
76165 
92550 
76166 
92551 
76167 
92552 
76168 
92553 
76169 
92554 
76170 
76171 
76172 
76173 
76174 
76175 
76176 
76177 
76178 
76179 
76180 
76181 
76182 
76183 
76184 
76185 
76186 
76187 
76188 
76189 
76190 
92575 
76191 
92576 
76192 
92577 
76193 
92578 
76194 
92579 
76195 
76196 
76197 
76198 
76199 
76200 
76201 
76202 
76203 
76204 
76205 
76206 
76207 
76208 
76209 
76210 
76211 
76212 
76213 
76214 
76215 
92600 
76216 
92601 
76217 
92602 
76218 
92603 
76219 
92604 
76220 
76221 
76222 
76223 
76224 
76225 
76226 
76227 
76228 
76229 
76230 
76231 
76232 
76233 
76234 
76235 
76236 
76237 
76238 
76239 
76240 
92625 
76241 
92626 
76242 
92627 
76243 
92628 
76244 
92629 
76245 
76246 
76247 
76248 
76249 
76250 
76251 
76252 
76253 
76254 
76255 
76256 
76257 
76258 
76259 
76260 
76261 
76262 
76263 
76264 
76265 
92650 
76266 
92651 
76267 
92652 
76268 
92653 
76269 
92654 
76270 
76271 
76272 
76273 
76274 
76275 
76276 
76277 
76278 
76279 
76280 
76281 
76282 
76283 
76284 
76285 
76286 
76287 
76288 
76289 
76290 
92675 
76291 
92676 
76292 
92677 
76293 
92678 
76294 
92679 
76295 
76296 
76297 
76298 
76299 
76300 
76301 
76302 
76303 
76304 
76305 
76306 
76307 
76308 
76309 
76310 
76311 
76312 
76313 
76314 
76315 
92700 
76316 
92701 
76317 
92702 
76318 
92703 
76319 
92704 
76320 
76321 
76322 
76323 
76324 
92725 
92726 
92727 
92728 
92729 
92750 
92751 
92752 
92753 
92754 
92775 
92776 
92777 
92778 
92779 
92800 
92801 
92802 
92803 
92804 
76500 
76501 
76502 
76503 
76504 
76505 
76506 
76507 
76508 
76509 
76510 
76511 
76512 
76513 
76514 
76515 
76516 
76517 
76518 
76519 
76520 
76521 
76522 
76523 
76524 
76525 
76526 
76527 
76528 
76529 
76530 
76531 
76532 
76533 
76534 
76535 
76536 
76537 
76538 
76539 
76540 
76541 
76542 
76543 
76544 
76545 
76546 
76547 
76548 
76549 
76550 
76551 
76552 
76553 
76554 
76555 
76556 
76557 
76558 
76559 
76560 
76561 
76562 
76563 
76564 
76565 
76566 
76567 
76568 
76569 
76570 
76571 
76572 
76573 
76574 
76575 
76576 
76577 
76578 
76579 
76580 
76581 
76582 
76583 
76584 
76585 
76586 
76587 
76588 
76589 
76590 
76591 
76592 
76593 
76594 
76595 
76596 
76597 
76598 
76599 
76600 
76601 
76602 
76603 
76604 
76605 
76606 
76607 
76608 
76609 
76610 
76611 
76612 
76613 
76614 
76615 
93000 
76616 
93001 
76617 
93002 
76618 
93003 
76619 
93004 
76620 
76621 
76622 
76623 
76624 
76625 
76626 
76627 
76628 
76629 
76630 
76631 
76632 
76633 
76634 
76635 
76636 
76637 
76638 
76639 
76640 
93025 
76641 
93026 
76642 
93027 
76643 
93028 
76644 
93029 
76645 
76646 
76647 
76648 
76649 
76650 
76651 
76652 
76653 
76654 
76655 
76656 
76657 
76658 
76659 
76660 
76661 
76662 
76663 
76664 
76665 
93050 
76666 
93051 
76667 
93052 
76668 
93053 
76669 
93054 
76670 
76671 
76672 
76673 
76674 
76675 
76676 
76677 
76678 
76679 
76680 
76681 
76682 
76683 
76684 
76685 
76686 
76687 
76688 
76689 
76690 
93075 
76691 
93076 
76692 
93077 
76693 
93078 
76694 
93079 
76695 
76696 
76697 
76698 
76699 
76700 
76701 
76702 
76703 
76704 
76705 
76706 
76707 
76708 
76709 
76710 
76711 
76712 
76713 
76714 
76715 
93100 
76716 
93101 
76717 
93102 
76718 
93103 
76719 
93104 
76720 
76721 
76722 
76723 
76724 
76725 
76726 
76727 
76728 
76729 
76730 
76731 
76732 
76733 
76734 
76735 
76736 
76737 
76738 
76739 
76740 
93125 
76741 
93126 
76742 
93127 
76743 
93128 
76744 
93129 
76745 
76746 
76747 
76748 
76749 
76750 
76751 
76752 
76753 
76754 
76755 
76756 
76757 
76758 
76759 
76760 
76761 
76762 
76763 
76764 
76765 
93150 
76766 
93151 
76767 
93152 
76768 
93153 
76769 
93154 
76770 
76771 
76772 
76773 
76774 
76775 
76776 
76777 
76778 
76779 
76780 
76781 
76782 
76783 
76784 
76785 
76786 
76787 
76788 
76789 
76790 
93175 
76791 
93176 
76792 
93177 
76793 
93178 
76794 
93179 
76795 
76796 
76797 
76798 
76799 
76800 
76801 
76802 
76803 
76804 
76805 
76806 
76807 
76808 
76809 
76810 
76811 
76812 
76813 
76814 
76815 
93200 
76816 
93201 
76817 
93202 
76818 
93203 
76819 
93204 
76820 
76821 
76822 
76823 
76824 
93225 
93226 
93227 
93228 
93229 
93250 
93251 
93252 
93253 
93254 
93275 
93276 
93277 
93278 
93279 
93300 
93301 
93302 
93303 
93304 
77000 
77001 
77002 
77003 
77004 
77005 
77006 
77007 
77008 
77009 
77010 
77011 
77012 
77013 
77014 
77015 
77016 
77017 
77018 
77019 
77020 
77021 
77022 
77023 
77024 
77025 
77026 
77027 
77028 
77029 
77030 
77031 
77032 
77033 
77034 
77035 
77036 
77037 
77038 
77039 
77040 
77041 
77042 
77043 
77044 
77045 
77046 
77047 
77048 
77049 
77050 
77051 
77052 
77053 
77054 
77055 
77056 
77057 
77058 
77059 
77060 
77061 
77062 
77063 
77064 
77065 
77066 
77067 
77068 
77069 
77070 
77071 
77072 
77073 
77074 
77075 
77076 
77077 
77078 
77079 
77080 
77081 
77082 
77083 
77084 
77085 
77086 
77087 
77088 
77089 
77090 
77091 
77092 
77093 
77094 
77095 
77096 
77097 
77098 
77099 
77100 
77101 
77102 
77103 
77104 
77105 
77106 
77107 
77108 
77109 
77110 
77111 
77112 
77113 
77114 
77115 
93500 
77116 
93501 
77117 
93502 
77118 
93503 
77119 
93504 
77120 
77121 
77122 
77123 
77124 
77125 
77126 
77127 
77128 
77129 
77130 
77131 
77132 
77133 
77134 
77135 
77136 
77137 
77138 
77139 
77140 
93525 
77141 
93526 
77142 
93527 
77143 
93528 
77144 
93529 
77145 
77146 
77147 
77148 
77149 
77150 
77151 
77152 
77153 
77154 
77155 
77156 
77157 
77158 
77159 
77160 
77161 
77162 
77163 
77164 
77165 
93550 
77166 
93551 
77167 
93552 
77168 
93553 
77169 
93554 
77170 
77171 
77172 
77173 
77174 
77175 
77176 
77177 
77178 
77179 
77180 
77181 
77182 
77183 
77184 
77185 
77186 
77187 
77188 
77189 
77190 
93575 
77191 
93576 
77192 
93577 
77193 
93578 
77194 
93579 
77195 
77196 
77197 
77198 
77199 
77200 
77201 
77202 
77203 
77204 
77205 
77206 
77207 
77208 
77209 
77210 
77211 
77212 
77213 
77214 
77215 
93600 
77216 
93601 
77217 
93602 
77218 
93603 
77219 
93604 
77220 
77221 
77222 
77223 
77224 
77225 
77226 
77227 
77228 
77229 
77230 
77231 
77232 
77233 
77234 
77235 
77236 
77237 
77238 
77239 
77240 
93625 
77241 
93626 
77242 
93627 
77243 
93628 
77244 
93629 
77245 
77246 
77247 
77248 
77249 
77250 
77251 
77252 
77253 
77254 
77255 
77256 
77257 
77258 
77259 
77260 
77261 
77262 
77263 
77264 
77265 
93650 
77266 
93651 
77267 
93652 
77268 
93653 
77269 
93654 
77270 
77271 
77272 
77273 
77274 
77275 
77276 
77277 
77278 
77279 
77280 
77281 
77282 
77283 
77284 
77285 
77286 
77287 
77288 
77289 
77290 
93675 
77291 
93676 
77292 
93677 
77293 
93678 
77294 
93679 
77295 
77296 
77297 
77298 
77299 
77300 
77301 
77302 
77303 
77304 
77305 
77306 
77307 
77308 
77309 
77310 
77311 
77312 
77313 
77314 
77315 
93700 
77316 
93701 
77317 
93702 
77318 
93703 
77319 
93704 
77320 
77321 
77322 
77323 
77324 
93725 
93726 
93727 
93728 
93729 
93750 
93751 
93752 
93753 
93754 
93775 
93776 
93777 
93778 
93779 
93800 
93801 
93802 
93803 
93804 
77500 
77501 
77502 
77503 
77504 
77505 
77506 
77507 
77508 
77509 
77510 
77511 
77512 
77513 
77514 
77515 
77516 
77517 
77518 
77519 
77520 
77521 
77522 
77523 
77524 
77525 
77526 
77527 
77528 
77529 
77530 
77531 
77532 
77533 
77534 
77535 
77536 
77537 
77538 
77539 
77540 
77541 
77542 
77543 
77544 
77545 
77546 
77547 
77548 
77549 
77550 
77551 
77552 
77553 
77554 
77555 
77556 
77557 
77558 
77559 
77560 
77561 
77562 
77563 
77564 
77565 
77566 
77567 
77568 
77569 
77570 
77571 
77572 
77573 
77574 
77575 
77576 
77577 
77578 
77579 
77580 
77581 
77582 
77583 
77584 
77585 
77586 
77587 
77588 
77589 
77590 
77591 
77592 
77593 
77594 
77595 
77596 
77597 
77598 
77599 
77600 
77601 
77602 
77603 
77604 
77605 
77606 
77607 
77608 
77609 
77610 
77611 
77612 
77613 
77614 
77615 
94000 
77616 
94001 
77617 
94002 
77618 
94003 
77619 
94004 
77620 
77621 
77622 
77623 
77624 
77625 
77626 
77627 
77628 
77629 
77630 
77631 
77632 
77633 
77634 
77635 
77636 
77637 
77638 
77639 
77640 
94025 
77641 
94026 
77642 
94027 
77643 
94028 
77644 
94029 
77645 
77646 
77647 
77648 
77649 
77650 
77651 
77652 
77653 
77654 
77655 
77656 
77657 
77658 
77659 
77660 
77661 
77662 
77663 
77664 
77665 
94050 
77666 
94051 
77667 
94052 
77668 
94053 
77669 
94054 
77670 
77671 
77672 
77673 
77674 
77675 
77676 
77677 
77678 
77679 
77680 
77681 
77682 
77683 
77684 
77685 
77686 
77687 
77688 
77689 
77690 
94075 
77691 
94076 
77692 
94077 
77693 
94078 
77694 
94079 
77695 
77696 
77697 
77698 
77699 
77700 
77701 
77702 
77703 
77704 
77705 
77706 
77707 
77708 
77709 
77710 
77711 
77712 
77713 
77714 
77715 
94100 
77716 
94101 
77717 
94102 
77718 
94103 
77719 
94104 
77720 
77721 
77722 
77723 
77724 
77725 
77726 
77727 
77728 
77729 
77730 
77731 
77732 
77733 
77734 
77735 
77736 
77737 
77738 
77739 
77740 
94125 
77741 
94126 
77742 
94127 
77743 
94128 
77744 
94129 
77745 
77746 
77747 
77748 
77749 
77750 
77751 
77752 
77753 
77754 
77755 
77756 
77757 
77758 
77759 
77760 
77761 
77762 
77763 
77764 
77765 
94150 
77766 
94151 
77767 
94152 
77768 
94153 
77769 
94154 
77770 
77771 
77772 
77773 
77774 
77775 
77776 
77777 
77778 
77779 
77780 
77781 
77782 
77783 
77784 
77785 
77786 
77787 
77788 
77789 
77790 
94175 
77791 
94176 
77792 
94177 
77793 
94178 
77794 
94179 
77795 
77796 
77797 
77798 
77799 
77800 
77801 
77802 
77803 
77804 
77805 
77806 
77807 
77808 
77809 
77810 
77811 
77812 
77813 
77814 
77815 
94200 
77816 
94201 
77817 
94202 
77818 
94203 
77819 
94204 
77820 
77821 
77822 
77823 
77824 
94225 
94226 
94227 
94228 
94229 
94250 
94251 
94252 
94253 
94254 
94275 
94276 
94277 
94278 
94279 
94300 
94301 
94302 
94303 
94304 
78000 
78001 
78002 
78003 
78004 
78005 
78006 
78007 
78008 
78009 
78010 
78011 
78012 
78013 
78014 
78015 
78016 
78017 
78018 
78019 
78020 
78021 
78022 
78023 
78024 
78025 
78026 
78027 
78028 
78029 
78030 
78031 
78032 
78033 
78034 
78035 
78036 
78037 
78038 
78039 
78040 
78041 
78042 
78043 
78044 
78045 
78046 
78047 
78048 
78049 
78050 
78051 
78052 
78053 
78054 
78055 
78056 
78057 
78058 
78059 
78060 
78061 
78062 
78063 
78064 
78065 
78066 
78067 
78068 
78069 
78070 
78071 
78072 
78073 
78074 
78075 
78076 
78077 
78078 
78079 
78080 
78081 
78082 
78083 
78084 
78085 
78086 
78087 
78088 
78089 
78090 
78091 
78092 
78093 
78094 
78095 
78096 
78097 
78098 
78099 
78100 
78101 
78102 
78103 
78104 
78105 
78106 
78107 
78108 
78109 
78110 
78111 
78112 
78113 
78114 
78115 
78116 
78117 
78118 
78119 
78120 
78121 
78122 
78123 
78124 
78125 
78126 
78127 
78128 
78129 
78130 
78131 
78132 
78133 
78134 
78135 
78136 
78137 
78138 
78139 
78140 
78141 
78142 
78143 
78144 
78145 
78146 
78147 
78148 
78149 
78150 
78151 
78152 
78153 
78154 
78155 
78156 
78157 
78158 
78159 
78160 
78161 
78162 
78163 
78164 
78165 
78166 
78167 
78168 
78169 
78170 
78171 
78172 
78173 
78174 
78175 
78176 
78177 
78178 
78179 
78180 
78181 
78182 
78183 
78184 
78185 
78186 
78187 
78188 
78189 
78190 
78191 
78192 
78193 
78194 
78195 
78196 
78197 
78198 
78199 
78200 
78201 
78202 
78203 
78204 
78205 
78206 
78207 
78208 
78209 
78210 
78211 
78212 
78213 
78214 
78215 
78216 
78217 
78218 
78219 
78220 
78221 
78222 
78223 
78224 
78225 
78226 
78227 
78228 
78229 
78230 
78231 
78232 
78233 
78234 
78235 
78236 
78237 
78238 
78239 
78240 
78241 
78242 
78243 
78244 
78245 
78246 
78247 
78248 
78249 
78250 
78251 
78252 
78253 
78254 
78255 
78256 
78257 
78258 
78259 
78260 
78261 
78262 
78263 
78264 
78265 
78266 
78267 
78268 
78269 
78270 
78271 
78272 
78273 
78274 
78275 
78276 
78277 
78278 
78279 
78280 
78281 
78282 
78283 
78284 
78285 
78286 
78287 
78288 
78289 
78290 
78291 
78292 
78293 
78294 
78295 
78296 
78297 
78298 
78299 
78300 
78301 
78302 
78303 
78304 
78305 
78306 
78307 
78308 
78309 
78310 
78311 
78312 
78313 
78314 
78315 
78316 
78317 
78318 
78319 
78320 
78321 
78322 
78323 
78324 
78500 
78501 
78502 
78503 
78504 
78505 
78506 
78507 
78508 
78509 
78510 
78511 
78512 
78513 
78514 
78515 
78516 
78517 
78518 
78519 
78520 
78521 
78522 
78523 
78524 
78525 
78526 
78527 
78528 
78529 
78530 
78531 
78532 
78533 
78534 
78535 
78536 
78537 
78538 
78539 
78540 
78541 
78542 
78543 
78544 
78545 
78546 
78547 
78548 
78549 
78550 
78551 
78552 
78553 
78554 
78555 
78556 
78557 
78558 
78559 
78560 
78561 
78562 
78563 
78564 
78565 
78566 
78567 
78568 
78569 
78570 
78571 
78572 
78573 
78574 
78575 
78576 
78577 
78578 
78579 
78580 
78581 
78582 
78583 
78584 
78585 
78586 
78587 
78588 
78589 
78590 
78591 
78592 
78593 
78594 
78595 
78596 
78597 
78598 
78599 
78600 
78601 
78602 
78603 
78604 
78605 
78606 
78607 
78608 
78609 
78610 
78611 
78612 
78613 
78614 
78615 
78616 
78617 
78618 
78619 
78620 
78621 
78622 
78623 
78624 
78625 
78626 
78627 
78628 
78629 
78630 
78631 
78632 
78633 
78634 
78635 
78636 
78637 
78638 
78639 
78640 
78641 
78642 
78643 
78644 
78645 
78646 
78647 
78648 
78649 
78650 
78651 
78652 
78653 
78654 
78655 
78656 
78657 
78658 
78659 
78660 
78661 
78662 
78663 
78664 
78665 
78666 
78667 
78668 
78669 
78670 
78671 
78672 
78673 
78674 
78675 
78676 
78677 
78678 
78679 
78680 
78681 
78682 
78683 
78684 
78685 
78686 
78687 
78688 
78689 
78690 
78691 
78692 
78693 
78694 
78695 
78696 
78697 
78698 
78699 
78700 
78701 
78702 
78703 
78704 
78705 
78706 
78707 
78708 
78709 
78710 
78711 
78712 
78713 
78714 
78715 
78716 
78717 
78718 
78719 
78720 
78721 
78722 
78723 
78724 
78725 
78726 
78727 
78728 
78729 
78730 
78731 
78732 
78733 
78734 
78735 
78736 
78737 
78738 
78739 
78740 
78741 
78742 
78743 
78744 
78745 
78746 
78747 
78748 
78749 
78750 
78751 
78752 
78753 
78754 
78755 
78756 
78757 
78758 
78759 
78760 
78761 
78762 
78763 
78764 
78765 
78766 
78767 
78768 
78769 
78770 
78771 
78772 
78773 
78774 
78775 
78776 
78777 
78778 
78779 
78780 
78781 
78782 
78783 
78784 
78785 
78786 
78787 
78788 
78789 
78790 
78791 
78792 
78793 
78794 
78795 
78796 
78797 
78798 
78799 
78800 
78801 
78802 
78803 
78804 
78805 
78806 
78807 
78808 
78809 
78810 
78811 
78812 
78813 
78814 
78815 
78816 
78817 
78818 
78819 
78820 
78821 
78822 
78823 
78824 
79000 
79001 
79002 
79003 
79004 
79005 
79006 
79007 
79008 
79009 
79010 
79011 
79012 
79013 
79014 
79015 
79016 
79017 
79018 
79019 
79020 
79021 
79022 
79023 
79024 
79025 
79026 
79027 
79028 
79029 
79030 
79031 
79032 
79033 
79034 
79035 
79036 
79037 
79038 
79039 
79040 
79041 
79042 
79043 
79044 
79045 
79046 
79047 
79048 
79049 
79050 
79051 
79052 
79053 
79054 
79055 
79056 
79057 
79058 
79059 
79060 
79061 
79062 
79063 
79064 
79065 
79066 
79067 
79068 
79069 
79070 
79071 
79072 
79073 
79074 
79075 
79076 
79077 
79078 
79079 
79080 
79081 
79082 
79083 
79084 
79085 
79086 
79087 
79088 
79089 
79090 
79091 
79092 
79093 
79094 
79095 
79096 
79097 
79098 
79099 
79100 
79101 
79102 
79103 
79104 
79105 
79106 
79107 
79108 
79109 
79110 
79111 
79112 
79113 
79114 
79115 
79116 
79117 
79118 
79119 
79120 
79121 
79122 
79123 
79124 
79125 
79126 
79127 
79128 
79129 
79130 
79131 
79132 
79133 
79134 
79135 
79136 
79137 
79138 
79139 
79140 
79141 
79142 
79143 
79144 
79145 
79146 
79147 
79148 
79149 
79150 
79151 
79152 
79153 
79154 
79155 
79156 
79157 
79158 
79159 
79160 
79161 
79162 
79163 
79164 
79165 
79166 
79167 
79168 
79169 
79170 
79171 
79172 
79173 
79174 
79175 
79176 
79177 
79178 
79179 
79180 
79181 
79182 
79183 
79184 
79185 
79186 
79187 
79188 
79189 
79190 
79191 
79192 
79193 
79194 
79195 
79196 
79197 
79198 
79199 
79200 
79201 
79202 
79203 
79204 
79205 
79206 
79207 
79208 
79209 
79210 
79211 
79212 
79213 
79214 
79215 
79216 
79217 
79218 
79219 
79220 
79221 
79222 
79223 
79224 
79225 
79226 
79227 
79228 
79229 
79230 
79231 
79232 
79233 
79234 
79235 
79236 
79237 
79238 
79239 
79240 
79241 
79242 
79243 
79244 
79245 
79246 
79247 
79248 
79249 
79250 
79251 
79252 
79253 
79254 
79255 
79256 
79257 
79258 
79259 
79260 
79261 
79262 
79263 
79264 
79265 
79266 
79267 
79268 
79269 
79270 
79271 
79272 
79273 
79274 
79275 
79276 
79277 
79278 
79279 
79280 
79281 
79282 
79283 
79284 
79285 
79286 
79287 
79288 
79289 
79290 
79291 
79292 
79293 
79294 
79295 
79296 
79297 
79298 
79299 
79300 
79301 
79302 
79303 
79304 
79305 
79306 
79307 
79308 
79309 
79310 
79311 
79312 
79313 
79314 
79315 
79316 
79317 
79318 
79319 
79320 
79321 
79322 
79323 
79324 
79500 
79501 
79502 
79503 
79504 
79505 
79506 
79507 
79508 
79509 
79510 
79511 
79512 
79513 
79514 
79515 
79516 
79517 
79518 
79519 
79520 
79521 
79522 
79523 
79524 
79525 
79526 
79527 
79528 
79529 
79530 
79531 
79532 
79533 
79534 
79535 
79536 
79537 
79538 
79539 
79540 
79541 
79542 
79543 
79544 
79545 
79546 
79547 
79548 
79549 
79550 
79551 
79552 
79553 
79554 
79555 
79556 
79557 
79558 
79559 
79560 
79561 
79562 
79563 
79564 
79565 
79566 
79567 
79568 
79569 
79570 
79571 
79572 
79573 
79574 
79575 
79576 
79577 
79578 
79579 
79580 
79581 
79582 
79583 
79584 
79585 
79586 
79587 
79588 
79589 
79590 
79591 
79592 
79593 
79594 
79595 
79596 
79597 
79598 
79599 
79600 
79601 
79602 
79603 
79604 
79605 
79606 
79607 
79608 
79609 
79610 
79611 
79612 
79613 
79614 
79615 
79616 
79617 
79618 
79619 
79620 
79621 
79622 
79623 
79624 
79625 
79626 
79627 
79628 
79629 
79630 
79631 
79632 
79633 
79634 
79635 
79636 
79637 
79638 
79639 
79640 
79641 
79642 
79643 
79644 
79645 
79646 
79647 
79648 
79649 
79650 
79651 
79652 
79653 
79654 
79655 
79656 
79657 
79658 
79659 
79660 
79661 
79662 
79663 
79664 
79665 
79666 
79667 
79668 
79669 
79670 
79671 
79672 
79673 
79674 
79675 
79676 
79677 
79678 
79679 
79680 
79681 
79682 
79683 
79684 
79685 
79686 
79687 
79688 
79689 
79690 
79691 
79692 
79693 
79694 
79695 
79696 
79697 
79698 
79699 
79700 
79701 
79702 
79703 
79704 
79705 
79706 
79707 
79708 
79709 
79710 
79711 
79712 
79713 
79714 
79715 
79716 
79717 
79718 
79719 
79720 
79721 
79722 
79723 
79724 
79725 
79726 
79727 
79728 
79729 
79730 
79731 
79732 
79733 
79734 
79735 
79736 
79737 
79738 
79739 
79740 
79741 
79742 
79743 
79744 
79745 
79746 
79747 
79748 
79749 
79750 
79751 
79752 
79753 
79754 
79755 
79756 
79757 
79758 
79759 
79760 
79761 
79762 
79763 
79764 
79765 
79766 
79767 
79768 
79769 
79770 
79771 
79772 
79773 
79774 
79775 
79776 
79777 
79778 
79779 
79780 
79781 
79782 
79783 
79784 
79785 
79786 
79787 
79788 
79789 
79790 
79791 
79792 
79793 
79794 
79795 
79796 
79797 
79798 
79799 
79800 
79801 
79802 
79803 
79804 
79805 
79806 
79807 
79808 
79809 
79810 
79811 
79812 
79813 
79814 
79815 
79816 
79817 
79818 
79819 
79820 
79821 
79822 
79823 
79824 
80000 
80001 
80002 
80003 
80004 
80005 
80006 
80007 
80008 
80009 
80010 
80011 
80012 
80013 
80014 
80015 
80016 
80017 
80018 
80019 
80020 
80021 
80022 
80023 
80024 
80025 
80026 
80027 
80028 
80029 
80030 
80031 
80032 
80033 
80034 
80035 
80036 
80037 
80038 
80039 
80040 
80041 
80042 
80043 
80044 
80045 
80046 
80047 
80048 
80049 
80050 
80051 
80052 
80053 
80054 
80055 
80056 
80057 
80058 
80059 
80060 
80061 
80062 
80063 
80064 
80065 
80066 
80067 
80068 
80069 
80070 
80071 
80072 
80073 
80074 
80075 
80076 
80077 
80078 
80079 
80080 
80081 
80082 
80083 
80084 
80085 
80086 
80087 
80088 
80089 
80090 
80091 
80092 
80093 
80094 
80095 
80096 
80097 
80098 
80099 
80100 
80101 
80102 
80103 
80104 
80105 
80106 
80107 
80108 
80109 
80110 
80111 
80112 
80113 
80114 
80115 
80116 
80117 
80118 
80119 
80120 
80121 
80122 
80123 
80124 
80125 
80126 
80127 
80128 
80129 
80130 
80131 
80132 
80133 
80134 
80135 
80136 
80137 
80138 
80139 
80140 
80141 
80142 
80143 
80144 
80145 
80146 
80147 
80148 
80149 
80150 
80151 
80152 
80153 
80154 
80155 
80156 
80157 
80158 
80159 
80160 
80161 
80162 
80163 
80164 
80165 
80166 
80167 
80168 
80169 
80170 
80171 
80172 
80173 
80174 
80175 
80176 
80177 
80178 
80179 
80180 
80181 
80182 
80183 
80184 
80185 
80186 
80187 
80188 
80189 
80190 
80191 
80192 
80193 
80194 
80195 
80196 
80197 
80198 
80199 
80200 
80201 
80202 
80203 
80204 
80205 
80206 
80207 
80208 
80209 
80210 
80211 
80212 
80213 
80214 
80215 
80216 
80217 
80218 
80219 
80220 
80221 
80222 
80223 
80224 
80225 
80226 
80227 
80228 
80229 
80230 
80231 
80232 
80233 
80234 
80235 
80236 
80237 
80238 
80239 
80240 
80241 
80242 
80243 
80244 
80245 
80246 
80247 
80248 
80249 
80250 
80251 
80252 
80253 
80254 
80255 
80256 
80257 
80258 
80259 
80260 
80261 
80262 
80263 
80264 
80265 
80266 
80267 
80268 
80269 
80270 
80271 
80272 
80273 
80274 
80275 
80276 
80277 
80278 
80279 
80280 
80281 
80282 
80283 
80284 
80285 
80286 
80287 
80288 
80289 
80290 
80291 
80292 
80293 
80294 
80295 
80296 
80297 
80298 
80299 
80300 
80301 
80302 
80303 
80304 
80305 
80306 
80307 
80308 
80309 
80310 
80311 
80312 
80313 
80314 
80315 
80316 
80317 
80318 
80319 
80320 
80321 
80322 
80323 
80324 
80500 
80501 
80502 
80503 
80504 
80505 
80506 
80507 
80508 
80509 
80510 
80511 
80512 
80513 
80514 
80515 
80516 
80517 
80518 
80519 
80520 
80521 
80522 
80523 
80524 
80525 
80526 
80527 
80528 
80529 
80530 
80531 
80532 
80533 
80534 
80535 
80536 
80537 
80538 
80539 
80540 
80541 
80542 
80543 
80544 
80545 
80546 
80547 
80548 
80549 
80550 
80551 
80552 
80553 
80554 
80555 
80556 
80557 
80558 
80559 
80560 
80561 
80562 
80563 
80564 
80565 
80566 
80567 
80568 
80569 
80570 
80571 
80572 
80573 
80574 
80575 
80576 
80577 
80578 
80579 
80580 
80581 
80582 
80583 
80584 
80585 
80586 
80587 
80588 
80589 
80590 
80591 
80592 
80593 
80594 
80595 
80596 
80597 
80598 
80599 
80600 
80601 
80602 
80603 
80604 
80605 
80606 
80607 
80608 
80609 
80610 
80611 
80612 
80613 
80614 
80615 
80616 
80617 
80618 
80619 
80620 
80621 
80622 
80623 
80624 
80625 
80626 
80627 
80628 
80629 
80630 
80631 
80632 
80633 
80634 
80635 
80636 
80637 
80638 
80639 
80640 
80641 
80642 
80643 
80644 
80645 
80646 
80647 
80648 
80649 
80650 
80651 
80652 
80653 
80654 
80655 
80656 
80657 
80658 
80659 
80660 
80661 
80662 
80663 
80664 
80665 
80666 
80667 
80668 
80669 
80670 
80671 
80672 
80673 
80674 
80675 
80676 
80677 
80678 
80679 
80680 
80681 
80682 
80683 
80684 
80685 
80686 
80687 
80688 
80689 
80690 
80691 
80692 
80693 
80694 
80695 
80696 
80697 
80698 
80699 
80700 
80701 
80702 
80703 
80704 
80705 
80706 
80707 
80708 
80709 
80710 
80711 
80712 
80713 
80714 
80715 
80716 
80717 
80718 
80719 
80720 
80721 
80722 
80723 
80724 
80725 
80726 
80727 
80728 
80729 
80730 
80731 
80732 
80733 
80734 
80735 
80736 
80737 
80738 
80739 
80740 
80741 
80742 
80743 
80744 
80745 
80746 
80747 
80748 
80749 
80750 
80751 
80752 
80753 
80754 
80755 
80756 
80757 
80758 
80759 
80760 
80761 
80762 
80763 
80764 
80765 
80766 
80767 
80768 
80769 
80770 
80771 
80772 
80773 
80774 
80775 
80776 
80777 
80778 
80779 
80780 
80781 
80782 
80783 
80784 
80785 
80786 
80787 
80788 
80789 
80790 
80791 
80792 
80793 
80794 
80795 
80796 
80797 
80798 
80799 
80800 
80801 
80802 
80803 
80804 
80805 
80806 
80807 
80808 
80809 
80810 
80811 
80812 
80813 
80814 
80815 
80816 
80817 
80818 
80819 
80820 
80821 
80822 
80823 
80824 
81000 
81001 
81002 
81003 
81004 
81005 
81006 
81007 
81008 
81009 
81010 
81011 
81012 
81013 
81014 
81015 
81016 
81017 
81018 
81019 
81020 
81021 
81022 
81023 
81024 
81025 
81026 
81027 
81028 
81029 
81030 
81031 
81032 
81033 
81034 
81035 
81036 
81037 
81038 
81039 
81040 
81041 
81042 
81043 
81044 
81045 
81046 
81047 
81048 
81049 
81050 
81051 
81052 
81053 
81054 
81055 
81056 
81057 
81058 
81059 
81060 
81061 
81062 
81063 
81064 
81065 
81066 
81067 
81068 
81069 
81070 
81071 
81072 
81073 
81074 
81075 
81076 
81077 
81078 
81079 
81080 
81081 
81082 
81083 
81084 
81085 
81086 
81087 
81088 
81089 
81090 
81091 
81092 
81093 
81094 
81095 
81096 
81097 
81098 
81099 
81100 
81101 
81102 
81103 
81104 
81105 
81106 
81107 
81108 
81109 
81110 
81111 
81112 
81113 
81114 
81115 
81116 
81117 
81118 
81119 
81120 
81121 
81122 
81123 
81124 
81125 
81126 
81127 
81128 
81129 
81130 
81131 
81132 
81133 
81134 
81135 
81136 
81137 
81138 
81139 
81140 
81141 
81142 
81143 
81144 
81145 
81146 
81147 
81148 
81149 
81150 
81151 
81152 
81153 
81154 
81155 
81156 
81157 
81158 
81159 
81160 
81161 
81162 
81163 
81164 
81165 
81166 
81167 
81168 
81169 
81170 
81171 
81172 
81173 
81174 
81175 
81176 
81177 
81178 
81179 
81180 
81181 
81182 
81183 
81184 
81185 
81186 
81187 
81188 
81189 
81190 
81191 
81192 
81193 
81194 
81195 
81196 
81197 
81198 
81199 
81200 
81201 
81202 
81203 
81204 
81205 
81206 
81207 
81208 
81209 
81210 
81211 
81212 
81213 
81214 
81215 
81216 
81217 
81218 
81219 
81220 
81221 
81222 
81223 
81224 
81225 
81226 
81227 
81228 
81229 
81230 
81231 
81232 
81233 
81234 
81235 
81236 
81237 
81238 
81239 
81240 
81241 
81242 
81243 
81244 
81245 
81246 
81247 
81248 
81249 
81250 
81251 
81252 
81253 
81254 
81255 
81256 
81257 
81258 
81259 
81260 
81261 
81262 
81263 
81264 
81265 
81266 
81267 
81268 
81269 
81270 
81271 
81272 
81273 
81274 
81275 
81276 
81277 
81278 
81279 
81280 
81281 
81282 
81283 
81284 
81285 
81286 
81287 
81288 
81289 
81290 
81291 
81292 
81293 
81294 
81295 
81296 
81297 
81298 
81299 
81300 
81301 
81302 
81303 
81304 
81305 
81306 
81307 
81308 
81309 
81310 
81311 
81312 
81313 
81314 
81315 
81316 
81317 
81318 
81319 
81320 
81321 
81322 
81323 
81324 
81500 
81501 
81502 
81503 
81504 
81505 
81506 
81507 
81508 
81509 
81510 
81511 
81512 
81513 
81514 
81515 
81516 
81517 
81518 
81519 
81520 
81521 
81522 
81523 
81524 
81525 
81526 
81527 
81528 
81529 
81530 
81531 
81532 
81533 
81534 
81535 
81536 
81537 
81538 
81539 
81540 
81541 
81542 
81543 
81544 
81545 
81546 
81547 
81548 
81549 
81550 
81551 
81552 
81553 
81554 
81555 
81556 
81557 
81558 
81559 
81560 
81561 
81562 
81563 
81564 
81565 
81566 
81567 
81568 
81569 
81570 
81571 
81572 
81573 
81574 
81575 
81576 
81577 
81578 
81579 
81580 
81581 
81582 
81583 
81584 
81585 
81586 
81587 
81588 
81589 
81590 
81591 
81592 
81593 
81594 
81595 
81596 
81597 
81598 
81599 
81600 
81601 
81602 
81603 
81604 
81605 
81606 
81607 
81608 
81609 
81610 
81611 
81612 
81613 
81614 
81615 
81616 
81617 
81618 
81619 
81620 
81621 
81622 
81623 
81624 
81625 
81626 
81627 
81628 
81629 
81630 
81631 
81632 
81633 
81634 
81635 
81636 
81637 
81638 
81639 
81640 
81641 
81642 
81643 
81644 
81645 
81646 
81647 
81648 
81649 
81650 
81651 
81652 
81653 
81654 
81655 
81656 
81657 
81658 
81659 
81660 
81661 
81662 
81663 
81664 
81665 
81666 
81667 
81668 
81669 
81670 
81671 
81672 
81673 
81674 
81675 
81676 
81677 
81678 
81679 
81680 
81681 
81682 
81683 
81684 
81685 
81686 
81687 
81688 
81689 
81690 
81691 
81692 
81693 
81694 
81695 
81696 
81697 
81698 
81699 
81700 
81701 
81702 
81703 
81704 
81705 
81706 
81707 
81708 
81709 
81710 
81711 
81712 
81713 
81714 
81715 
81716 
81717 
81718 
81719 
81720 
81721 
81722 
81723 
81724 
81725 
81726 
81727 
81728 
81729 
81730 
81731 
81732 
81733 
81734 
81735 
81736 
81737 
81738 
81739 
81740 
81741 
81742 
81743 
81744 
81745 
81746 
81747 
81748 
81749 
81750 
81751 
81752 
81753 
81754 
81755 
81756 
81757 
81758 
81759 
81760 
81761 
81762 
81763 
81764 
81765 
81766 
81767 
81768 
81769 
81770 
81771 
81772 
81773 
81774 
81775 
81776 
81777 
81778 
81779 
81780 
81781 
81782 
81783 
81784 
81785 
81786 
81787 
81788 
81789 
81790 
81791 
81792 
81793 
81794 
81795 
81796 
81797 
81798 
81799 
81800 
81801 
81802 
81803 
81804 
81805 
81806 
81807 
81808 
81809 
81810 
81811 
81812 
81813 
81814 
81815 
81816 
81817 
81818 
81819 
81820 
81821 
81822 
81823 
81824 
)

// ************************************************************************* //
